交易服务id	交易分润比例	区分卡种	区分节假日	提现服务id	提现分润金额	区分卡种	区分节假日
705			0.33		 不区分		 不区分		704			1			 不区分		  不区分
代理商编号
1441
1442
1444
1446
1448
1451
1452
1459
1462
1463
1464
1465
1470
1472
1474
1475
1476
1477
1496
1498
1501
1504
1506
1507
1515
1516
1518
1519
1520
1521
1522
1523
1559
1560
1561
1562
1565
1566
1567
1568
1574
1575
1577
1584
1618
1623
1624
1632
1635
1636
1637
1641
1642
1648
1652
1655
1667
1669
1671
1672
1680
1766
1771
1791
1797
1798
1799
1804
1814
1818
1819
1834
1835
1836
1837
1838
1839
1840
1841
1849
1856
1857
1864
1865
1866
1867
1868
1869
1870
1890
1895
1945
1946
1947
1951
1966
2061
2063
2065
2071
2076
2092
2093
2094
2095
2096
2098
2099
2113
2115
2116
2117
2118
2131
2132
2133
2144
2149
2169
2188
2189
2200
2227
2229
2233
2235
2236
2296
2339
2342
2344
2345
2365
2366
2367
2368
2369
2413
2459
2475
2488
2491
2502
2557
2558
2585
2594
2606
2607
2608
2610
2612
2614
2615
2623
2779
2950

